11.201789585270419
-0.14444734345702342
5.825992321725725
7.386378523933373
11.481362815379226
11.207944868204818
12.189008346138053
20.81771771978683
8.95567374805582
7.651783060473351
12.25807713919914
20.784706461440358
14.922863122870634
16.69810795896513
8.267592368542106
12.500748201182159
14.850522952840606
19.701145724010374
24.773841283854853
4.824870230951624
13.386202259500175
7.425311968051471
4.314715887055647
9.070443183178025
12.004726317320792
3.607507952265837
17.062301009768422
4.6890949681711
14.250877114094877
8.684598967146208
8.431359382009939
10.474611351931268
19.501310987543704
12.696739690998852
21.84971817591906
10.441447558252797
8.014471456425568
22.62067911816898
5.346712796279572
13.084811333110924
16.650478654356835
9.540943089764436
12.60474253454516
15.453678029735858
14.501340906864343
9.352958890629056
25.008263062283447
23.013678175422374
7.239058001328894
23.844035840874277
10.813204141962556
6.346743079691606
2.7841715429023948
9.599985317170269
17.810695319556327
13.857442704524564
13.975855705997134
19.275315617415405
11.566927147365522
16.189114751038083
9.261782340904066
22.510299133955566
9.069871209729936
9.799402450992604
11.89275775055739
23.815409768626736
18.022860575943064
11.79520866040461
7.251695741218806
21.313486016528557
22.241625457066377
5.624195750574733
6.668897241181254
11.541211129143143
12.49955925078154
14.24328173083641
5.255773462033701
17.64282773689951
21.881094045877674
16.010186745308093
21.29001809027864
26.2644320649485
17.726344228441953
26.83229663764318
6.370958371705744
16.78718913826995
18.457448835237802
24.11835722560866
19.07819615252296
6.313934730836647
5.910859668088365
10.258110673300013
9.028844687143684
16.425108034054084
18.997082989055606
3.9174881929146412
15.289798807426207
10.567581273567997
10.57941532371755
17.900865195942707
12.74395840154802
9.409237417743517
6.2516633587372805
10.7076084599388
18.439598423740193
12.153023874945875
25.580283091378288
17.6495032050107
16.638530218625817
15.673362580782461
16.355351229483478
9.662397332488624
7.2539770481001735
25.146378281806907
13.127890560893757
9.258516097411695
24.37309338885855
11.970752341066866
15.259278298102867
22.890128921526745
9.208177599169739
16.80908424714372
9.670203547406897
24.27615332241977
9.97574363933682
10.765756025125148
18.604240694967007
13.273673688191032
15.58483114518904
9.27179967724907
12.331872257403566
13.309340904022017
6.112755006842673
6.487491403272368
6.960007319777187
18.510811565667186
10.084252915339183
22.185286622266528
8.370970580779403
11.372112953116911
11.433953027963407
24.38701682802338
10.219480723490264
31.77904879868804
12.090505358694081
21.403069788171386
9.568334955450538
13.118999095645085
11.280841187373566
6.912219348738801
20.643819325187046
18.34662544868566
22.483843216924768
17.983944801297366
9.645381560718297
22.94148933849544
22.711775123221376
13.904011585070853
25.064039258871922
15.089820182978876
21.06199876207922
23.36816852561806
4.09317745222756
20.67485432394215
18.527368682611165
23.903370492839915
23.161328275720575
31.374989872767504
19.333116723557055
8.036664657835368
26.343172733596372
11.80754300418012
33.33328251645493
17.077281379476805
20.716698045382753
11.214862790483819
27.431532497976477
10.061968422502273
17.63125938399021
10.631314292323554
30.179428821450948
15.170916819239492
23.677547675123996
16.778128925231577
12.20823955783829
26.794462894799324
23.597563535589895
23.725964892956522
18.294547545686104
12.096889010366898
11.920652682742373
25.656454998884016
10.898538359517396
11.61937423875323
20.059410075914244
7.052764731400365
20.703272869226023
9.21820844469034
26.617198046351866
8.618204682318087
8.860328346406954
9.612823815137382
38.238807807138166
9.821600768712749
6.341729776538181
13.609784867678327
24.832649655405856
10.154707630405289
24.59356416965804
12.621335319195067
17.930507563578477
10.379504501122497
23.0096116417019
28.03564877937668
10.083292698382754
8.386037563997224
17.58296990164116
23.778468926749845
10.382532562441263
24.814863056903263
39.712295160415124
9.393893848567405
24.3532314065381
44.66883279632449
23.14882236796847
9.748640243230122
25.44267337496585
21.431576519405148
27.994474733922317
9.090507176982848
26.182952603816723
21.64017941889155
13.425455190569103
24.91026486876315
11.105891332805793
30.289697254350244
19.103069325096474
13.231428947974957
29.535199336638428
6.340605426344173
11.100515522995314
22.55132062152784
8.801069973121695
22.223785382590208
24.726598156608652
32.709036642297626
28.80895880571125
35.21959848204032
12.084193202518394
39.24275217292238
10.654206300367152
23.889615075385624
11.95307445614624
27.13359095665617
20.75124659812166
11.228488180518918
12.607493148023906
8.390428734225631
12.198667094319973
22.80278714146823
10.673223713441455
11.841533171802325
11.516269581533479
22.47462471505131
37.418916040163694
23.733376951167696
11.428944726774738
24.480574446552097
4.130052040472314
40.18892105042202
11.160812004744164
36.909268180530006
25.3744286415952
6.483673678454636
26.460635370007374
10.037330885582119
31.94990785853115
11.639363500791642
8.561946072046446
45.3856303825063
23.584863875352465
9.992362953889431
25.471963661778517
17.229747295854008
36.14810298660628
45.17874281244854
12.053020090920356
9.873831175330253
10.962790382344087
11.047067427007683
22.60109138500818
10.208087235420974
13.265599449810734
12.233132557336411
44.03427842236072
11.86778252430003
10.496617378772912
9.157007861309456
41.07410045705343
25.25463120170469
2.58192714811641
10.723939093740194
9.486861895785458
11.18906753480658
11.498323332700567
11.156529399875803
11.498808308968968
32.29614534329769
9.240065756365958
10.722448398132297
29.967285111644323
23.939632462672467
6.604311122645256
11.96962691982515
28.43724777124397
28.548913142332704
12.172189395719622
23.426005385337135
12.454771662376903
10.66244828696695
10.846520967047171
24.930466243390757
39.883631316069206
7.447972410515912
39.36629590873664
44.50647181201447
5.851457622738666
12.20731195889246
9.784645737221876
4.148679558012884
2.403466571231709
10.948878780153477
10.414449524453296
32.39535587826341
10.54105750858829
11.790407456566383
13.003238077978418
33.664731652562615
7.065866081923317
9.120900611800867
9.209530466231204
9.3012591220941
10.323202852324645
27.27675119837874
44.21283081700327
20.69923995426104
15.224300569402812
9.298274773536239
10.727597649724531
13.776082408417155
12.93329837870193
18.39264980416902
8.72728801973013
25.324433888442847
10.518553399351005
24.387864731457487
9.796489346322357
10.726433526138448
6.388186451615967
8.591381732343102
10.684131122082256
20.93868261570425
36.694430258523745
10.783037939522329
39.49258458029044
11.417690969616498
11.706843839406156
28.408559395318132
30.514284522482907
16.953080399464742
11.390885233498842
12.567038711738014
9.329015518171989
10.178499822863088
22.38967109434322
23.274646867717404
12.89399107812053
13.927972232706715
3.3733245951866544
11.890340067997133
40.65454163582933
39.696912313118546
24.398403405226386
40.07415472671493
37.17791109506054
11.976406716267958
21.21829912066098
17.856956364488468
12.008116663422875
11.38662576597963
25.259219389476016
10.885359006934845
24.6317290601459
10.762130747624433
41.386245722769175
6.192448843222479
12.075508958233883
12.94590354005499
43.65706893660717
41.0273518317851
31.12504910392135
10.712793916388533
4.084154198758762
7.030804119555381
11.770612298705483
12.421648346757312
11.20916387455276
31.794569272657117
12.592207289942811
37.894128436957345
12.061523009888374
11.37439726586868
7.822875084908546
24.49779332440662
23.06609555525396
9.185177847682736
39.13059935700835
9.460121767373526
20.58133206939279
44.474665518235625
25.802339476456194
11.87918592093857
15.764220997359292
34.44668001622124
31.366889256566132
5.251403838402822
30.695419918871057
36.36741536360568
2.9844871454577917
34.885033114776014
14.217475786153958
31.802340647113432
30.869704570575806
41.82522961583038
37.48425925050565
16.84500385754696
5.6496559956216
10.463492279124955
11.665831485314557
15.22112880901734
10.272765792724751
10.840286728597963
40.083222770484596
14.147279653376815
13.345359530561762
35.59644466250977
39.73462086920416
24.30874985253406
10.99110437764767
40.96166764629197
37.72043157226938
25.429378369920737
32.60235215195937
36.47418896596616
26.855230782012022
36.26362962677464
43.42318431546574
13.239054205508356
16.79162126809672
29.98288514739451
33.349890046335865
11.572913568655313
24.36598845546287
10.61694456933228
37.52060943486941
26.08066821278452
29.581998803908476
23.812933448972544
10.081139721231724
41.75381828242031
41.131834152607375
38.656832695211385
40.35535214328899
23.92964611764575
18.85880900190226
20.18648246450067
34.99224849967839
22.75493410451113
26.35997091127109
39.19647858242806
39.07794365111016
40.07428821814949
42.11294801149011
37.765973742202
11.218459017102289
19.22493044938578
35.86659272063281
31.393148515241727
41.84726274187953
41.617359677204526
25.770762117683283
35.790389826180544
44.10899333684406
33.69981954230241
34.6960310612703
41.216189159576196
26.320038779672082
32.2893986981225
5.3331610421569176
38.25849523462411
41.06110442168946
36.204463221526275
38.04488121804039
38.63571764366564
27.313793297126324
10.196279750509312
28.302270249675654
30.901181339877
32.83197547906046
23.24457434556531
44.65833933921194
39.296244676461264
43.63237679937936
24.950010460608258
39.80212421651761
39.116256345840625
41.85671082424004
45.651440077952586
35.19226812314732
36.04882788326622
37.697540692106095
22.763242015957406
44.307463821448394
18.424352047008394
42.72120734955283
33.70419153564301
30.263720880834416
31.799267290396664
22.978785242076817
25.516645461655486
38.24133072399575
39.71524654303028
26.491706191423756
42.75570280747321
34.53373602151689
22.76446061258923
38.39246015795832
42.91473111760959
35.64852949773245
38.42906396000985
51.94163404538994
27.655350238499665
42.41569497906092
36.67566685124366
27.39141623222231
36.77609647937571
35.1136883992003
36.165809786828206
40.84249883516303
42.395510093106886
32.67490490439762
37.316952738440015
41.08192953228036
24.202012233934756
43.69717990821314
24.74954576357046
42.01114116411211
41.19737094679742
41.924499703681484
26.701352860337998
33.897851635557686
42.57116447650948
41.39275243345945
40.98426157549189
44.18196170171177
42.7706558423271
41.98019388622482
41.03032613957441
41.93657124059165
37.59470314811749
24.73526962690224
40.47453033586621
42.69702986308769
25.470169483101746
41.98727217301393
43.010513506035494
36.16978142551992
41.517436934676724
35.67107513445025
43.96352683564723
40.370025225596855
44.178931552931765
32.09080857628255
44.777196432689735
36.394992349472034
37.61004745850225
27.651202564649168
39.446882814844535
34.61049577663712
35.38553299909466
35.091192346092356
33.975130143266774
39.514315962387954
32.76982706450102
41.04986456276508
41.9366946223112
35.720766814741204
44.4899865383066
23.2334316913237
30.171823853441765
43.01160390312119
36.23082748012014
43.33926294546026
43.253875698710154
35.64422295029448
31.27945727709674
35.143030105939715
43.26109461497781
42.44937286056295
51.80372748621394
33.19536086773844
42.142306163738894
38.012256236946286
42.61467598053013
41.996772236237035
43.103506597911604
34.34328168382647
46.69295637789633
44.90293995075309
39.79267669634119
36.81664567567105
42.607586421324775
46.497408928893
43.28524957074357
43.43224146089202
36.721680037750154
40.54478555023461
43.57632737356849
24.647521361353707
41.73635970876064
42.40734341860321
42.727401034976666
41.374962385311385
37.716858987561075
43.97996900889409
45.407245651532705
40.346754555665385
42.754525995147304
38.81106266607717
41.5406072861308
43.123997823640366
41.560301466269244
42.44485490327238
41.74232949754208
42.598136756731726
32.53686992199952
43.25746757967499
38.80001159176143
36.04722892144362
38.23273109078639
42.997541002954144
40.43694896254116
36.84683937935885
40.2059246706966
44.71341410441032
41.32829595893735
38.239252103039895
37.75689631879342
39.61051333997951
40.81138658920242
41.738660962528186
45.694476795895824
42.79277508046949
42.97606028278922
43.57751053694963
25.708594099937592
42.75903849689153
41.62027882577594
48.489829478862895
41.877444407658935
40.17099113204323
40.8811770706964
42.12510995065213
38.89215855659044
39.47803463397151
43.79388648670443
45.91081962229809
50.01151790859791
44.07783364038493
41.87686610543784
49.46455267487818
46.31102339019502
44.392897947120346
21.91231427609508
43.530966830840846
38.58145335694608
43.49806775386523
42.13476628761499
41.1604572050184
43.15256662994801
44.69922549955534
43.51544490333692
42.37348852276698
40.94918202220966
44.16840820538832
41.309592782382985
42.688168742797416
41.4399646968817
45.22140077107619
25.58730140988052
48.27782109899652
35.078211501276826
41.05841035811018
39.66742266315886
43.260682672896486
50.14378887773352
48.87154438307805
42.8066810077753
48.13997126912872
48.636014209708776
35.18310393023739
45.08915597300847
42.757080256412365
41.71101966992577
43.34813321624782
46.00588696571421
34.20790070014765
35.05560018117576
42.756292287288375
45.299982233274164
36.89248415025767
43.532665246599656
45.73437508264115
41.1194654140665
45.22742603412053
45.04240759394282
43.37286609410631
28.074485040973094
44.704214598959624
31.70220693250387
44.111581124076196
45.18749215352185
44.24016512005312
44.882782969709666
41.660354683808144
54.977959616363535
41.15190869709881
43.354000498453594
47.46211059639282
44.354346005404125
43.64831112016166
50.08573572237148
45.358301668367325
47.11166453494899
44.04890275812285
43.94168686187484
49.77598466646767
25.933598498641988
42.91497372482229
47.726260316894674
45.03521943373822
54.25277498063174
49.41775627637791
36.73337376125362
28.846389982937886
45.271019551108964
46.967858503657986
48.95658988317312
45.409922903897254
50.87204803500016
47.2241932515927
38.804981159845276
50.02948174796496
46.32066755270101
45.16439612820454
45.491263463654306
40.93735949336225
43.88284894223244
44.52106347781216
43.29932179028673
48.081509139089825
38.4877337250412
49.81603915554112
53.794581555236654
45.485739222439264
47.71026708775391
43.1163500322311
49.236245919122716
51.0655729103323
46.81631050939651
42.538992270500394
41.55181159065074
44.57683500539411
37.85937822145063
48.9054267752585
51.367482797859644
30.10511873648967
32.525625599491114
54.66841152904229
44.578833413346736
41.61379448890976
45.147718381076395
39.724656609671534
39.75351859207148
40.91531545121917
45.182176317343504
46.680548111339625
49.13570418879854
48.70175442356766
44.76235630828089
47.5778852258382
45.942342655111474
45.474377326661966
48.38016236093752
48.13128357027282
47.25693508947059
46.34512043653482
49.085253873528416
55.27924019879976
56.82991482001751
41.27360617748453
41.52879364537156
55.43745722249325
53.40357441577033
47.369567628843505
50.87772001538687
46.96231412853037
50.17355273608453
51.300934036243206
48.76705335322669
43.171284354454855
25.43322452954981
54.958102750988566
39.68540148781093
46.90569354948605
47.761330915683835
45.570261294189336
45.21790627944091
34.9606751630287
51.7360300066802
51.10322217523467
50.53724912602478
52.18368598673768
50.98406319438413
47.13901914733183
36.15518971449657
49.044440468822295
49.02780076608537
52.451406424374674
49.58263567312235
47.4973085896073
47.12618625392326
51.81802869850756
51.70701925348964
50.13551323516141
53.09409312842848
51.78299322632864
52.12656713553239
45.69026115591792
52.39220334245849
37.932747658760086
54.02688729061201
55.493248215888286
48.4218535342164
54.1816165627438
53.6933694428855
51.3824297046991
49.37003793161033
53.23262577002027
46.94378435437636
42.662771218603545
37.776774874424575
53.88271451535498
45.24945669986504
51.36841387759083
52.76003057041966
56.222409143230124
56.54681711765937
47.39343862320373
54.347636530181234
52.370790986904105
49.25494875331259
50.25818502526901
45.91227828103949
40.424763356545846
50.16601180962631
55.92316830571012
51.81264503906209
52.715062793477905
54.79253264282086
42.87538549749884
53.19048786864909
54.52519908776495
47.33712297876838
56.793445811224906
50.21330919985457
55.581737948213444
53.24877060555604
53.37586019254689
52.409613713203484
33.09774622317
58.14474257464959
52.22405665631646
55.306013502092895
48.890712186876016
52.29975884065981
55.89642465713129
46.12109440547551
53.17392621707521
57.79564227696675
55.73984509298933
56.15688640929117
59.186147051356365
44.289810634647985
56.37368418378048
58.12924820969777
51.003680265693504
57.493747147027435
55.11081297425153
55.26798406832386
55.619058728127804
34.29750677745847
34.83231365053884
45.481119231928766
53.454218866966016
33.28881369185055
58.72016630166126
48.37502714569223
42.91475416674468
57.766901827944885
44.43156487575347
44.96998667398741
50.35782853908814
34.436781670759686
37.500546521189555
52.38356540058471
57.16388007820053
62.2399161894431
58.84382993603299
8.658613405597391
32.9470841683146
9.492692083943062
8.805243352727588
28.061563547314062
43.85568810160767
47.117292720774635
49.01653125954147
50.900602680175766
44.14005623437178
39.50097225603092
56.92206862005065
46.398681681423994
7.2087775574204125
53.219722457417156
52.187652338111164
56.84777909983706
44.82760820949644
52.673670773162826
36.04197683742184
51.77626095771005
52.24444671546389
52.38786924493394
58.24792691855681
57.63884399035396
51.05547970656486
47.38825753323267
49.79452620330532
53.71306052786648
52.67626652534959
52.78030311750838
53.4186685767603
49.69642942005569
48.533407777295054
49.89214487029387
52.497968839720095
58.65800806224754
52.74543662329531
10.343963124122913
57.50192390927836
31.087107554730434
46.361012746790415
59.10751749561908
10.826471039548823
55.00594413250626
50.34000000857663
63.03325448075138
46.56024066299674
51.90007132146037
54.16111827994892
39.320021886883744
55.14965168240362
59.77614571059027
50.19383683831322
52.56740027008538
57.06620246376783
38.03804585690718
54.73460857538215
53.50048482790159
58.51970654467857
53.93925226668902
53.24602496824281
54.33915840350221
53.59579694802254
55.60848488079665
47.387427685216956
55.539953829581016
57.638232062199975
55.602857250074365
54.34039604440894
55.34509317504076
56.4185920898506
57.49569747649805
57.966976714074384
56.640298778658526
56.88906394816068
54.38993463064485
56.179146998925326
61.58310581316118
56.052672650831056
60.06755376566106
25.46511510760613
57.18997233260024
56.621044556221705
50.6045754521567
51.017913001101675
55.05459011276392
55.53485468616872
30.514329918010322
55.48954043643732
58.82246267207756
61.08851527059266
60.57344206065689
59.61371430706601
52.89805621695256
58.1909960461206
52.73685943985022
48.11642271739705
57.383626833953016
57.21744723959224
42.4921036584222
58.573031251722725
58.67863227562184
55.778325969246126
49.83270851843806
52.85730408600375
59.452298992195644
45.74714041938318
59.92054899993521
59.03521185807886
59.96976608859302
59.69153453540304
56.75256919904664
53.72171200141512
59.64449347238032
54.469528571827105
55.580319913562384
49.65653979168684
57.10330273574656
55.834087705019414
55.5846537753095
39.72669819181891
55.052915328164474
59.26777945840444
61.64080676037606
55.298787867142146
58.90987336134086
64.0445252482933
61.8872652865076
54.10394842405909
58.8746353841037
58.397459552377924
59.00266793518575
62.473051641791535
57.15981081729985
54.4328660050212
59.02255923644348
60.03474761249394
57.77408379494744
54.285642418110946
63.165276187680725
61.99079474537917
56.7014799948561
60.81681606832502
60.59749301472069
53.507011497590135
51.97059835065115
55.66153091594432
56.342595794772556
42.21280689144649
55.52879335493481
59.11647549667817
57.761643346274354
51.129462530707734
57.19009048461465
60.63432500521691
60.92203948717768
63.826451945199636
60.057667704831275
56.68784353740501
53.48645237786261
50.94646642016752
58.79995373617279
58.83277764943158
58.91973546865364
51.38037533066281
59.98312501155045
60.0421488141783
60.490114003778984
64.19607121220996
10.874093425694886
11.812999682562747
59.58355576759437
54.22576021605969
52.67643565898683
61.06137623138834
59.55207484563089
60.84156723407847
11.095133665196817
5.778336360074505
56.740572894765506
12.695135269760835
58.68231653264657
56.927809820472255
61.98170066281892
58.07168032270164
56.86134250411735
51.61865142711791
57.74907235727685
57.97995776299721
28.231305729996354
57.36133722969827
56.39781551286426
62.773232447343645
46.99721046569119
47.10775560494136
64.01204589213643
58.90480919623685
60.01225376320026
47.73387069043344
60.031924848963605
60.93505557983488
58.58134335650061
57.779557225910466
59.55201848309843
60.582983492018286
57.09064404409887
59.2229642486414
60.498880700720925
60.11189225022014
55.72830126848985
53.32625727422765
56.170110352599075
54.64856581210081
59.14592627003044
59.56932160178602
57.992997642984534
59.77043906592294
59.94298931357284
59.60622466994804
59.01694468637513
47.86512289390343
51.980586272017675
60.0381023569521
57.73998968076417
52.33583817267294
59.88425085264346
53.97487953233803
58.29737166004612
61.92710270641745
42.93549385879976
49.26267138446697
57.18809408911795
54.656255272564785
57.218706382427584
56.418878752813164
55.15241017992473
52.00015145250946
60.85147155519215
58.95812678058188
61.109593749236645
55.09223860172828
62.66656436172556
56.45348673384044
67.49319021734566
57.638663057483846
57.70056014199498
53.35187397241196
59.09366984322919
56.224494943059995
59.61138819094695
61.73224604785477
60.45608362863234
53.54877491014167
61.27092888259782
59.80664541383087
60.80618799156608
59.49816218836461
60.21502431515878
50.4361801009339
61.073729165499635
57.6937416659661
54.49028396367534
58.113904813340795
62.17878513010311
61.033844795404875
58.615323886988115
63.69801072667782
66.03582462350795
62.918244259123256
58.14422574056766
60.52867092156728
62.20481197792205
59.0849408638775
54.14044765155525
52.161589905954
56.73306437237057
61.27472609739541
57.639634445393455
54.11320374787516
60.41652965302509
31.28214680766225
57.41913153986401
64.3421332663603
60.123519937155045
64.33232714645028
60.04286240800415
55.56078579848581
58.65375214621579
54.85778926335299
62.481975792560036
64.1247129958196
59.99290981979242
56.547230958336854
59.65437420187351
55.94690005340722
62.722145774506146
62.18216190131952
61.749509542059016
60.1050994801243
61.731135693529666
63.79987942173253
59.39421734118477
55.67639805567439
53.658627712977015
65.28500494553688
53.009277760582385
64.14369544469726
61.04355821492437
56.42702161669088
63.21445715804233
60.19717710922505
60.061994745014175
50.49375533109203
49.75260648883173
57.9481218656511
57.06127877334085
59.551349735139105
58.68025057646457
58.9577969560781
58.75419181429825
57.508268678534485
30.463709118254954
59.179726883405756
52.44001135546122
52.03149352640013
54.56400052784685
56.26639792942118
51.36077979215109
60.55940734000567
53.190568294384136
58.245818194425205
48.491624490082714
51.33523187598565
55.41288416269886
61.20504190081701
55.533247416995
59.053783450994956
57.2990849675345
54.63947357198084
62.288339915055055
51.85003332294825
57.961723434090295
55.85165749855756
56.6806307682777
59.153647827507655
59.66812076118606
57.06534968253308
62.60103863056492
57.412325689005904
58.92407451240167
60.98769605665696
56.34254560145341
57.47069113458554
55.74432403907333
57.67306074850779
59.314598051194494
58.2037031732464
56.2666866701508
55.37870436762829
65.44063374389387
55.56209923340723
56.75131126667182
53.38109486004033
51.61018324334412
51.45531261458395
32.301074776959936
127.47017124102211
124.91773517201695
126.01861811098476
125.10585691691547
209.23828024018653
192.46908144486042
214.72299984067755
216.68446080484665
223.17741366576908
211.38349943379507
199.58462978450723
218.25625429365678
211.14469401355072
199.48398653480422
204.53692766744922
213.7870980977768
225.76265397880857
211.88947761461097
224.60242094577146
226.17545977667015
223.40244110576447
28.364784393566207
227.6067557298043
222.1287264885693
235.59716106293388
26.230411407277828
226.18698146215692
228.62523911226032
222.05971950535306
228.84325023077716
232.33379826854753
236.94803110990114
227.1887659159613
220.4541533576765
245.67600476018924
225.42515931788944
225.63989569576236
226.64218246015497
242.46711185752432
218.83766379254547
13.063875585713308
20.553969466408006
15.05625412064213
13.861588046888379
21.456824486872094
220.218684994647
16.65514676489855
227.88798367677435
219.94726688248332
231.03664810930817
16.980903742132504
21.605659460152985
16.532290158970167
112.51812729911767
19.69023073280172
19.69052750714187
29.417081090954415
221.9932995118818
14.164765683192337
18.488726650022194
22.046465653179514
9.545156831797705
221.63380517889715
7.132321050201834
17.822061414239947
24.447940092657475
115.10280180358235
101.55759707074367
221.8658844334763
223.84144226781004
219.78535335618395
215.71707649554574
32.3692425288054
15.080315766067468
222.13238773723458
221.1803930746868
224.98817724691978
189.8436664207591
212.78404554435784
13.104635605476991
221.64672927031822
193.01281818968218
207.8101638564167
220.0792842614176
14.581043090223655
19.503188147651127
15.557213169120804
15.481209499939812
13.766754379231928
12.441874055987647
15.805451496271294
13.483946630087345
178.01131388981574
180.4564575872859
184.99940638732858
171.84960730892035
17.088572654597453
17.73670651034727
176.46156338940995
12.002963325423233
210.01317945242937
17.971131654305207
18.08256772987132
18.368937473871064
17.05183271557316
16.640467142855844
17.046385375419753
15.277441114458057
17.29002636634992
13.35544320146945
17.299794066781857
13.408634696708175
12.905177437584985
13.302125296614937
14.138504850951739
6.979764967233591
220.07771558415763
6.67744466627365
25.148818199056137
12.447224580517092
15.885124583596824
19.540105889723367
76.79902983407749
17.322161131708665
87.59398675177486
89.40996892210416
100.28823620677082
88.96395095770586
90.8035933671794
95.06975670385128
76.02288251562274
14.495666358482216
169.56042081299452
90.07859009503845
22.73619234691222
94.50617156364493
81.49290715361067
166.49859310748548
99.40816503127343
18.669920996182114
17.743460541507904
216.20037208777538
93.32884676172782
20.947509414217308
223.5807722455752
93.24458412227493
97.81170850744071
90.60702567985584
85.91154598779607
210.2490674839924
204.1282308785566
206.53435256938425
137.12811470466326
216.3496180844337
102.9316286650042
209.3810877509116
214.53411291517855
208.29379754557237
211.7671702313555
215.9618658406522
203.61566809528753
12.627540019568617
220.80099861184775
222.19110323759122
172.4723323095982
169.60446010417027
205.45988565550158
212.29345944211468
13.659226227484995
94.97591612997942
12.883290657628141
163.6263802553876
206.16175319393037
214.3183529727655
13.329834698259177
13.505814410654066
13.367175709569294
12.609608243654916
13.53239240729146
222.98647756593888
220.13456449031747
208.1299138519059
216.06637990635198
214.5143968364875
97.98867286660006
99.5287991545719
211.23277227020404
228.04439125433606
220.94235144640868
226.85659638182088
235.3808557702036
229.48173410507619
221.41188963574572
213.07507320620442
230.13914657322633
223.80528215248123
225.15467082475354
221.9540933040329
280.4503322139411
230.9351718203654
280.5350826228917
267.2681850699648
398.99560342814175
439.925448262583
443.79415740841284
414.31879634436183
450.70658788025895
451.5586989929586
429.4664975988853
434.5968828907624
225.04138523289674
225.25840513869906
434.50017308302955
444.4403465019856
431.3522474423712
437.8559858342446
443.1570256071301
421.8605742771714
436.12625149730053
441.1964445599285
434.002057841761
432.0743190063865
224.44294994417933
230.1536617044821
232.31307322549085
218.46205787564125
225.39074310359007
35.830405729420775
37.447231095153455
226.67931649729806
224.32725173745612
216.6626079705812
237.1391126143158
232.60806361557147
425.98252559952994
41.1378428526184
219.10875260996366
42.353021682554804
228.43084463984079
234.1579285696227
220.72529963765803
439.84503311740025
303.6878155088108
236.80716238868814
228.44475688947657
219.03645326381238
433.0551711837047
457.20273464551394
439.7874053330721
446.4357869235562
438.69084114885885
445.7095051927906
436.1792617821785
438.55251890363974
445.0105250422723
448.1046997046702
20.096371921091965
444.91563166382014
448.92779842197007
444.37103398457094
451.446159983092
27.717506011422497
24.444809471784037
453.2918850952151
448.8980028893189
30.01130109594666
31.815614315785492
461.5365514143159
438.71342307401267
450.7969740613174
768.5469473820968
444.4928446897807
446.8350393408411
457.86301109703834
773.9674400663821
464.16361968458307
451.83881429954414
468.5922206898156
463.08582821488824
468.03246097284847
466.4355024420988
458.7763336165059
451.3129955742939
458.33508705221885
21.27698786646449
787.9423811971467
454.72476490388027
462.8416913370561
458.69386266396276
464.8147282708932
22.01278002901624
448.70181760073535
461.3897437819099
456.2609456598634
460.9642175113331
787.4752623226157
409.0521119339884
466.26014703979905
462.04352617463223
462.0460126059506
454.574591459386
454.18510882056245
453.0786782447343
460.1837434589269
465.7788386548173
455.4587651993049
462.4985644421164
459.29756379143237
459.1534848552178
463.0167115869991
456.16080882203687
463.54316081234333
468.0704718891473
466.55203251974234
456.4233120091367
457.41073716779084
458.40612524146326
461.9275552453197
456.88624096250504
466.9397291075703
452.3699181111343
458.42310504186435
451.746625696402
24.36022097075904
463.03035788702897
454.6736914384102
453.281586595161
456.03485410694555
454.3297733452514
452.6017401621724
461.3334378267922
459.11536114396756
40.081093088990606
218.42087306391744
38.818780596258286
460.6887162401155
463.28629078360086
466.8606052353846
42.294573385935095
454.3773508354844
43.40032538639799
465.0485832002758
48.12398234655194
219.08465192024477
462.24209286230695
419.88747261182937
470.4867979731923
334.12952424625104
465.52754640610164
455.40285498738626
461.6052276853006
464.53890045049326
463.0148879920178
469.2245131379029
462.67446573305944
469.13300762233627
453.97180736687704
474.75533474723915
475.03488884091206
471.8357289052271
474.43026957211345
464.05330727286395
480.28546566780153
480.4501132347012
470.86451804741597
259.05980052563984
474.9989885293783
469.115957500849
264.8688476648119
462.8831085005547
457.34338493085096
467.7542238972646
458.4214904908556
261.3748394693459
262.2736365919964
464.16981369486984
252.85169766023913
468.2431066643929
240.52342861540978
246.30395350630315
454.9093135849139
458.66598780539584
463.8258089507622
263.62545344383676
262.87384646068716
467.08114602063176
463.62257131120367
252.14086863877182
452.7418083098338
243.12185611468328
249.1419728831658
238.4838569966596
245.7880045687635
242.78560713006186
462.68851988577256
242.12591941407845
450.1724524086703
455.2954204024255
454.50219834479674
242.83328467628084
442.8088118393136
434.9552709468246
434.9524509644797
440.9387758853794
250.153796492019
444.4235545330515
245.40792382292014
447.12315330360576
245.2529165535605
255.3887455953552
447.4826143774085
239.6009771356451
250.69841080660038
249.46914369812575
252.68179105245434
253.66640563202336
253.3847764388068
241.24920872013791
246.52364176747477
247.29944534114725
239.6855394020935
238.60573413881474
242.57531912004757
441.91117322291353
251.7334601291145
252.7175969236677
457.7366770285742
241.1418562255974
244.07006451765685
239.53330224523265
432.12600040154626
441.0438113735439
447.97770450113364
447.3458529925869
449.31412129840726
454.9118476659482
445.0424765557648
253.85447746812588
441.39342836147387
439.1805461419308
758.1888556798683
457.57442791467946
452.28131885660076
241.58280111930782
239.55960196326726
463.10668469222753
235.15852768277983
444.44773469788214
452.4375369202568
454.34270275256506
458.09966358347776
460.2436084663887
443.6660793859723
430.7227421730768
444.55501976008003
446.8289851297511
243.0875380069537
246.23504835278314
240.3187444711891
242.2709703217243
442.56729628210195
444.21285314219205
786.112029203653
784.9854447044669
429.3855784320566
440.43765744956903
449.7689304580628
222.32902752419287
436.91956400014817
432.9488893000465
437.8193506238346
455.24762729183914
758.6916053690882
446.50694379614964
455.5330771367716
441.50483488844674
238.32724663047773
430.20593233762423
436.38389434261074
444.53400235256424
437.60087732432
445.53110788586565
427.62531362762456
254.95865115205802
428.8085607876687
432.36868129450687
249.1274119569781
237.25197918517517
238.87096125597355
234.90846979606397
422.819487275115
19.477885265049803
19.973821980538627
434.73478634228337
412.0148928121894
438.98264026929775
238.69882000803005
428.6119017063971
242.15974268879415
444.6778720019998
432.9839220995865
436.5326255058507
441.4667645319646
409.98462268126195
439.83991182085094
450.66140407872865
749.4496728650415
241.02666834547432
242.09858184485688
20.032105629199798
18.133392752627362
242.98703177837325
246.2776364818721
247.88915855294906
446.69116493850373
240.89609819819734
225.86329827092672
426.9114309678272
251.50954251920743
247.24850421431643
242.42435507929707
245.38459309036833
247.9713747922489
427.48414650732167
236.27322591558283
246.7854200687252
447.753801834231
252.349164690647
196.30678542712965
240.076808525904
45.81192014139723
236.5536929936873
263.9191493181626
225.39675541643075
224.6511578682084
244.3228697263677
441.41926504837716
440.0441666310301
463.12158075259646
451.11006726044116
237.9009262371297
238.87392206327752
248.34074964186485
248.0613914237125
451.31167714048297
751.2420131705552
243.25820170909418
452.9269413112482
444.3197918113643
236.05217265086236
234.00750813567666
465.08497353865823
243.85167311472378
253.37416869332796
450.0261890769197
250.8411470842998
246.25144368418813
456.1564602871191
259.68838769907046
226.71398774292848
252.40520092940503
254.6968319416746
248.25568908931757
232.74838472182066
238.8632312150041
247.94811492294014
237.06078992282735
450.83243468695156
259.07988184042944
243.36863999662432
233.34490237456774
246.02434939237622
428.2355274734943
455.99996664473076
260.9674255324851
244.7687072996969
265.7287219015283
756.8012367360116
262.8557191765783
779.0673595026254
784.1561618211791
781.0520448870124
448.8886123128742
449.4403056220437
446.51894915269435
443.7571439130983
458.85000067522617
465.78900785440305
463.6806738895471
464.95535689932535
468.8820849431004
771.683187100976
779.7014186014283
758.7900461880799
770.5727763763167
772.7858162056787
783.4948674336947
249.15005213628783
252.62074767594612
772.7818767484478
26.904835771294913
772.5559002552125
461.8525232062334
458.89490878747483
775.1628302313624
776.5800918215764
769.8370900469073
745.0969975703529
772.9958574321773
772.0395079912424
772.5163301770432
778.0395985116487
773.1388941052678
774.5542687626496
27.03936958598169
29.82351895670504
252.18978824323818
246.04202747361683
781.930391074785
263.94413209929485
27.85035913290674
242.66321470282483
786.9946821294393
28.205253960675293
30.016266340977182
29.153815249058052
465.3644114976592
242.4379819184359
270.5390502324409
790.8623026390258
249.89701449778357
36.59298933512911
770.6417521982663
343.08371876289243
779.1098396933809
778.911500495417
769.3995767971865
771.7745095009531
778.5859484899959
340.3654516798474
263.7023328184529
327.5957347506054
335.8902360348961
463.66729680278337
37.24283475523659
254.96784264113833
254.88268186716516
783.026841282931
772.2856053028705
769.201473217345
775.6263518570032
767.5586296381979
764.9162784126617
744.3023620431098
773.516437571616
787.7817863991146
38.619702541385266
779.9152926813349
37.56450984438103
332.70576245506396
776.0713131888671
787.152002923498
786.1805302120607
769.7999113917531
762.091123354685
782.3323668683544
262.69923400651066
234.82592976968098
429.7762878537965
777.2015373214649
789.5890030652461
776.6086497819364
291.4822119582692
351.1117872797373
455.03873239113557
256.88940035961963
250.95804885990896
781.2161074408795
242.3690757103437
778.6199565636233
250.8921184415736
249.3873726773365
244.69497812089452
40.09307993326371
243.21996526801036
24.890980244164655
792.866503413621
783.3027243805116
255.8097373944592
778.8216823166453
252.60090295641254
247.65763851781458
795.154355222675
787.0808141906136
781.4590179243083
774.393202394073
253.32349421442328
780.7160528857302
26.419596703264407
253.00629991166272
767.7233590118897
782.3801005701662
792.054961772939
781.8970875922518
14.643365859319154
26.43091438717838
791.3853421664517
31.147192229418774
784.1223591693313
24.264607199748454
790.5255320689496
12.06891688583593
15.719087971377409
782.8630014728601
18.40722328164372
778.9172655800836
789.868653880389
785.463863214429
795.5204109515739
791.0519919784542
786.8735435463651
25.75586557770918
789.9344562740993
32.01845076292935
778.2518909160086
790.754446465773
795.3584997429931
237.78105865693516
269.4492770978722
254.72546471505376
269.47352672734553
260.5808787766366
256.7695811752306
469.28714514565286
335.36082092597934
246.5086645335385
254.66615509987864
785.477971978564
793.9338198541064
792.7857909787023
776.4545414200995
790.8006493298949
779.4371702353448
239.22970490367211
784.8202746310269
791.6974826825884
781.5037735608345
798.3761591650167
778.0740595832768
263.3399090253725
803.453785025963
795.3971915169229
767.1272002615106
789.5411490530305
257.4521643645314
786.2644450164653
781.3155673831178
783.9083987689052
207.9922644917102
768.2196050705292
339.0600695404935
796.0415930484484
70.030143940786
478.4447461241174
470.07505083178444
793.0924428681986
793.0683954077796
804.835508337234
469.94050092397885
785.4498432178754
483.23557977390357
475.0481731521935
468.5821457084907
63.08608987530954
792.3865282143745
445.1637835597068
39.355551097753754
807.4575618185173
230.8578684985577
465.3926926569169
787.3651871422301
805.1754104796314
801.552018171365
812.1720269708967
807.6705158653656
811.0708955122335
776.2098036908816
813.8574124994005
566.2779637621721
562.0479986881766
209.47880258755407
658.4031319577238
801.0889303693262
795.43283604254
807.2390760307437
812.4106422304578
546.7943141535377
813.1725520669563
807.7880876270951
406.82043230443804
814.4424160989454
806.688489416355
806.3209619216568
819.3496017654955
802.8612204200698
812.379572556103
829.0680561590082
832.9830376928658
817.310650459469
828.5470725257173
822.2216246175152
809.9662686584338
816.9555548800809
820.7697755035068
813.8877233547336
817.1623178220655
827.1679428578777
819.9394465004901
833.8054813167751
825.3693725650612
825.2963348795532
834.5832971575195
825.2835743645137
826.0127765881555
826.6368731878292
833.9278124137877
838.1009651319188
832.4351096453172
826.3538627845394
837.175605846656
832.9583052865711
833.5701609508619
462.25818970515843
794.9876870862548
801.127875683769
799.9070638423069
796.57149381356
809.4213334097813
799.4727130041164
797.5751230714919
810.0125554422082
820.6320241746337
817.3719056819137
803.315127487885
806.7420340533469
811.1817285560197
790.9499573311059
803.9512349025368
818.2454903031755
816.3505884855
801.758028937325
811.7622395404684
429.8349772642584
812.7512766476699
552.5935853536712
795.1211141153477
791.4307527141957
782.8073325359314
773.0766263681318
804.843493914092
802.5531043331591
817.5287808248687
820.8218578688623
799.7078664113745
811.1680301969776
784.1289135941638
822.4923965901188
825.6565617683193
807.1344878338342
797.5123939924409
801.5070869748428
811.125383813253
794.6913139350243
791.5062156481064
787.6838462106714
781.2592769622331
797.8081738031109
794.5525211314318
796.3558185316175
800.9630587134737
802.3303014660568
809.5099813445315
788.4966945066503
777.9745309752744
797.1849606601023
799.3533238553215
772.290658911351
791.5294860304584
803.9680353419387
808.0597290455488
793.8197186773397
786.2578891277774
324.29617705287427
791.5057006221483
795.368575807371
806.011516487876
805.547976070125
792.3182220325032
792.707560348049
797.3469014005595
797.1054078958903
793.8687889630571
799.8438142162082
802.259951869691
801.8914368968503
807.1465337090822
801.3274973576488
796.0103468654302
802.739594506065
808.0895439535287
810.3044118851163
780.477849216924
23.58259489452082
24.718072702547218
788.6346419054072
780.4760182336089
793.6370712888903
772.7302883485706
778.1443531376017
769.3573731639325
785.4224492268122
817.8744350752498
790.8955639164019
779.8658977936299
797.9113056759393
786.3240434157818
790.7509569488772
797.0660961590859
796.3229750902691
776.28721936207
788.486021050853
789.8482442871901
805.157708619726
773.120226047517
37.67564047974633
485.5477522160798
